0 0.147532 0.577365 0.0830378 0.0793108 0.653098
0 0.076556 0.205671 0.0606325 0.0497622 0.636593
0 0.24717 0.436446 0.0428745 0.0473715 0.634509
0 0.597942 0.337911 0.0670295 0.0546394 0.629522
0 0.459857 0.479807 0.0728145 0.056245 0.623608
0 0.118112 0.263383 0.0678141 0.0474183 0.617913
0 0.445652 0.864768 0.0700276 0.0431677 0.575941
0 0.612212 0.440067 0.039849 0.0597412 0.541932
0 0.145004 0.212086 0.0288915 0.0381094 0.523566
0 0.63685 0.588773 0.0365309 0.0474957 0.518667
0 0.613577 0.444724 0.0472039 0.0735848 0.501799
0 0.116652 0.266031 0.0835713 0.0568228 0.477277
0 0.632276 0.464149 0.0272499 0.0460037 0.394433
0 0.631388 0.462475 0.03305 0.0597591 0.389402
1 0.125149 0.871988 0.111756 0.227544 0.250961
