0 0.898946 0.607927 0.0231842 0.0353245 0.698266
0 0.315985 0.491386 0.028742 0.0497422 0.678944
0 0.391584 0.561777 0.02033 0.0323924 0.652307
0 0.375261 0.402034 0.040488 0.061153 0.631483
0 0.346794 0.520409 0.0311206 0.0507111 0.62901
0 0.751106 0.712083 0.0334985 0.0399739 0.622417
0 0.848802 0.61062 0.0156742 0.0247314 0.613687
0 0.815748 0.692592 0.0678325 0.0808301 0.603456
0 0.425461 0.41375 0.0156237 0.0224244 0.598057
0 0.665867 0.627337 0.0335224 0.0414744 0.596103
0 0.766835 0.425094 0.0326346 0.0439886 0.591111
0 0.496093 0.526552 0.0301783 0.0447585 0.589618
0 0.568834 0.351746 0.0361204 0.0516113 0.583667
0 0.718974 0.455331 0.0206872 0.0328712 0.568959
0 0.735952 0.442195 0.0195831 0.0307452 0.564924
0 0.611563 0.695509 0.0136599 0.0182535 0.562592
0 0.528966 0.479803 0.0138056 0.0226928 0.536611
0 0.54359 0.380072 0.0160198 0.0218099 0.516214
0 0.699844 0.464959 0.0181006 0.0305577 0.446074
0 0.719976 0.452485 0.0262643 0.0400436 0.366939
0 0.514335 0.527076 0.0115056 0.0312957 0.332355
0 0.496906 0.526942 0.037349 0.0519711 0.278709
0 0.665469 0.626682 0.0403044 0.0507305 0.277116
0 0.391493 0.56199 0.0244006 0.0391315 0.273938
0 0.715394 0.382139 0.0125669 0.0179373 0.258193
