0 0.585993 0.35308 0.03852 0.0527559 0.67865
0 0.570966 0.445499 0.0423407 0.0506443 0.677708
0 0.714471 0.727798 0.031681 0.0443889 0.643919
0 0.652919 0.460427 0.0290758 0.0427267 0.620481
0 0.48689 0.417115 0.0210409 0.0351919 0.611069
0 0.75571 0.884953 0.027046 0.0387987 0.583634
0 0.602643 0.51912 0.020776 0.0275196 0.565302
0 0.691127 0.464298 0.0169321 0.0247178 0.53562
0 0.740129 0.592487 0.0163698 0.0227451 0.488384
0 0.43443 0.976538 0.0267076 0.0311743 0.329594
0 0.487194 0.419032 0.0253094 0.0423689 0.270041
